Version: 2.95
Centre: BORDEAUX
# Fichier genere automatiquement (dump_ast2rej, legal2rej ou rejeu)
# Le premier caractere donne le "type" de ligne :
# # Ceci est un commentaire
# $ FLIGHT HDEB HFIN FL SPEED IVOL AV TERD TERA SSR RVSM TCAS ADSB <-- Mini Plan de Vol
# ! {NOMBAL (V ou A) HEURE_REELLE HEURE_ESTIMEE FL}  <-- Survols balises
# > NOMSECT HENTREE HSORTIE HSTRIP TFL               <-- Infos secteurs
# < FLIGHT {H MINVALIDLEVEL MAXVALIDLEVEL ENDALERT}  <-- Filet de sauvegarde
# % {HEURE TYPE}                                     <-- Alerte relief (MSAW)
# Autre ligne est un mouvement piste correspondant au dernier mini_pln.
# Le nombre de ces lignes est fourni par "NbPlots"
# Un mouvement est compose de:
# HEURE X(1/64 Nm) Y(1/64 Nm) VX(Kts) VY(Kts) FL TAUX(Ft/min) TENDANCE
#
# En fin de fichier: liste des balises, couches, stacks, Ils, Sid/Star connus
NbVols: 2
$ 4996 11:02:18 11:49:14 380 436 AAF312Q A319 LPPR LFPO 4315 TRUE TA_RA NO FALSE
! AMB V 11:03:54 -- 255 TIRET V 11:07:54 -- 240 POLLY V 11:13:06 -- 240 LUREN V 11:18:42 -- 240 EPL V 11:29:22 -- 240 POGOL V 11:32:34 -- 240 SOREM V 11:34:10 -- 240 STR V 11:36:50 -- 240
NbPlots: 353
11:02:18  2336 866 235 447  280  0  0
11:02:26  2369 929 238 452  280  0  0
11:02:34  2403 994 239 454  280  0  0
11:02:42  2437 1058 244 464  279  -416  -1
11:02:50  2472 1124 245 465  274  -2760  -1
11:02:58  2507 1190 247 470  272  -2819  -1
11:03:06  2542 1257 247 469  269  -1916  -1
11:03:14  2577 1324 245 465  267  -1377  -1
11:03:22  2612 1390 243 461  265  -1500  -1
11:03:30  2646 1456 240 456  263  -1617  -1
11:03:38  2680 1520 236 450  261  -1735  -1
11:03:46  2714 1584 235 448  258  -1858  -1
11:03:54  2747 1648 234 445  255  -2039  -1
11:04:02  2781 1711 320 384  252  -2280  -1
11:04:10  2826 1766 392 309  249  -2397  -1
11:04:18  2882 1810 429 253  245  -2397  -1
11:04:26  2943 1846 430 251  242  -2338  -1
11:04:34  3004 1882 428 250  240  -2338  -1
11:04:42  3065 1917 428 250  240  0  0
11:04:50  3126 1953 428 250  240  0  0
11:04:58  3187 1988 428 250  240  0  0
11:05:06  3248 2024 428 250  240  0  0
11:05:14  3308 2059 428 250  240  0  0
11:05:22  3369 2095 428 250  240  0  0
11:05:30  3430 2131 428 250  240  0  0
11:05:38  3491 2166 428 250  240  0  0
11:05:46  3552 2202 428 250  240  0  0
11:05:54  3613 2237 428 250  240  0  0
11:06:02  3674 2273 428 250  240  0  0
11:06:10  3734 2308 428 250  240  0  0
11:06:18  3795 2344 428 250  240  0  0
11:06:26  3856 2379 428 250  240  0  0
11:06:34  3917 2415 428 250  240  0  0
11:06:42  3978 2451 428 250  240  0  0
11:06:50  4039 2486 428 250  240  0  0
11:06:58  4100 2522 429 250  240  0  0
11:07:06  4161 2557 429 250  240  0  0
11:07:14  4222 2593 429 250  240  0  0
11:07:22  4283 2628 429 250  240  0  0
11:07:30  4344 2664 429 250  240  0  0
11:07:38  4405 2699 429 250  240  0  0
11:07:46  4466 2735 429 250  240  0  0
11:07:54  4527 2771 428 250  240  0  0
11:08:02  4588 2806 471 156  240  0  0
11:08:10  4655 2828 474 145  240  0  0
11:08:18  4722 2849 474 145  240  0  0
11:08:26  4789 2870 474 145  240  0  0
11:08:34  4857 2890 474 145  240  0  0
11:08:42  4924 2911 474 145  240  0  0
11:08:50  4992 2931 474 145  240  0  0
11:08:58  5059 2952 474 145  240  0  0
11:09:06  5127 2973 474 145  240  0  0
11:09:14  5194 2993 474 145  240  0  0
11:09:22  5261 3014 474 145  240  0  0
11:09:30  5329 3035 474 145  240  0  0
11:09:38  5396 3055 474 145  240  0  0
11:09:46  5464 3076 474 145  240  0  0
11:09:54  5531 3096 474 145  240  0  0
11:10:02  5598 3117 474 145  240  0  0
11:10:10  5666 3138 474 145  240  0  0
11:10:18  5733 3158 474 145  240  0  0
11:10:26  5801 3179 474 145  240  0  0
11:10:34  5868 3200 474 145  240  0  0
11:10:42  5936 3220 474 145  240  0  0
11:10:50  6003 3241 474 145  240  0  0
11:10:58  6070 3261 474 145  240  0  0
11:11:06  6138 3282 474 145  240  0  0
11:11:14  6205 3303 474 145  240  0  0
11:11:22  6273 3323 474 145  240  0  0
11:11:30  6340 3344 474 145  240  0  0
11:11:38  6407 3365 474 145  240  0  0
11:11:46  6475 3385 474 145  240  0  0
11:11:54  6542 3406 474 144  240  0  0
11:12:02  6610 3426 475 144  240  0  0
11:12:10  6677 3447 475 144  240  0  0
11:12:18  6745 3467 474 144  240  0  0
11:12:26  6812 3488 474 145  240  0  0
11:12:34  6880 3508 474 145  240  0  0
11:12:42  6947 3529 474 145  240  0  0
11:12:50  7014 3550 475 144  240  0  0
11:12:58  7082 3570 475 144  240  0  0
11:13:06  7151 3584 485 103  240  0  0
11:13:14  7220 3599 485 103  240  0  0
11:13:22  7289 3614 485 103  240  0  0
11:13:30  7358 3628 485 103  240  0  0
11:13:38  7427 3643 485 103  240  0  0
11:13:46  7496 3658 485 103  240  0  0
11:13:54  7565 3672 485 103  240  0  0
11:14:02  7634 3687 485 103  240  0  0
11:14:10  7703 3702 485 103  240  0  0
11:14:18  7772 3716 485 103  240  0  0
11:14:26  7841 3731 485 103  240  0  0
11:14:34  7910 3746 485 103  240  0  0
11:14:42  7979 3761 485 103  240  0  0
11:14:50  8048 3775 485 103  240  0  0
11:14:58  8117 3790 485 103  240  0  0
11:15:06  8186 3805 485 103  240  0  0
11:15:14  8255 3819 485 103  240  0  0
11:15:22  8324 3834 485 103  240  0  0
11:15:30  8393 3849 485 103  240  0  0
11:15:38  8462 3863 485 103  240  0  0
11:15:46  8531 3878 485 103  240  0  0
11:15:54  8601 3893 485 103  240  0  0
11:16:02  8670 3907 485 103  240  0  0
11:16:10  8739 3922 485 103  240  0  0
11:16:18  8808 3937 485 103  240  0  0
11:16:26  8877 3952 485 103  240  0  0
11:16:34  8946 3966 485 103  240  0  0
11:16:42  9015 3981 485 103  240  0  0
11:16:50  9084 3996 485 103  240  0  0
11:16:58  9153 4010 485 103  240  0  0
11:17:06  9222 4025 485 103  240  0  0
11:17:14  9291 4040 485 103  240  0  0
11:17:22  9360 4054 485 103  240  0  0
11:17:30  9429 4069 485 103  240  0  0
11:17:38  9498 4084 485 103  240  0  0
11:17:46  9567 4098 485 103  240  0  0
11:17:54  9636 4113 485 103  240  0  0
11:18:02  9705 4128 485 103  240  0  0
11:18:10  9774 4143 485 103  240  0  0
11:18:18  9843 4157 485 103  240  0  0
11:18:26  9912 4172 485 103  240  0  0
11:18:34  9981 4187 485 103  240  0  0
11:18:42  10050 4201 485 103  240  0  0
11:18:50  10119 4219 480 126  240  0  0
11:18:58  10187 4236 479 126  240  0  0
11:19:06  10255 4254 479 126  240  0  0
11:19:14  10323 4272 479 126  240  0  0
11:19:22  10392 4290 479 126  240  0  0
11:19:30  10460 4308 479 126  240  0  0
11:19:38  10528 4326 479 126  240  0  0
11:19:46  10596 4344 479 126  240  0  0
11:19:54  10665 4362 479 126  240  0  0
11:20:02  10733 4380 479 126  240  0  0
11:20:10  10801 4398 479 126  240  0  0
11:20:18  10869 4416 479 126  240  0  0
11:20:26  10938 4434 479 126  240  0  0
11:20:34  11006 4452 479 126  240  0  0
11:20:42  11074 4470 479 126  240  0  0
11:20:50  11142 4488 479 126  240  0  0
11:20:58  11211 4505 479 126  240  0  0
11:21:06  11279 4523 479 126  240  0  0
11:21:14  11347 4541 479 126  240  0  0
11:21:22  11415 4559 479 126  240  0  0
11:21:30  11484 4577 479 126  240  0  0
11:21:38  11552 4595 479 126  240  0  0
11:21:46  11620 4613 479 126  240  0  0
11:21:54  11689 4631 479 126  240  0  0
11:22:02  11757 4649 479 126  240  0  0
11:22:10  11825 4667 479 126  240  0  0
11:22:18  11893 4685 479 126  240  0  0
11:22:26  11962 4703 479 126  240  0  0
11:22:34  12030 4721 479 126  240  0  0
11:22:42  12098 4739 479 126  240  0  0
11:22:50  12166 4757 479 126  240  0  0
11:22:58  12235 4774 479 126  240  0  0
11:23:06  12303 4792 479 126  240  0  0
11:23:14  12371 4810 479 126  240  0  0
11:23:22  12439 4828 479 126  240  0  0
11:23:30  12508 4846 479 126  240  0  0
11:23:38  12576 4864 479 126  240  0  0
11:23:46  12644 4882 479 126  240  0  0
11:23:54  12712 4900 479 126  240  0  0
11:24:02  12781 4918 479 126  240  0  0
11:24:10  12849 4936 479 126  240  0  0
11:24:18  12917 4954 479 126  240  0  0
11:24:26  12986 4972 479 126  240  0  0
11:24:34  13054 4990 479 126  240  0  0
11:24:42  13122 5008 479 126  240  0  0
11:24:50  13190 5026 479 126  240  0  0
11:24:58  13259 5043 479 126  240  0  0
11:25:06  13327 5061 479 126  240  0  0
11:25:14  13395 5079 479 126  240  0  0
11:25:22  13463 5097 479 126  240  0  0
11:25:30  13532 5115 479 126  240  0  0
11:25:38  13600 5133 479 126  240  0  0
11:25:46  13668 5151 479 126  240  0  0
11:25:54  13736 5169 479 126  240  0  0
11:26:02  13805 5187 479 126  240  0  0
11:26:10  13873 5205 479 126  240  0  0
11:26:18  13941 5223 479 126  240  0  0
11:26:26  14009 5241 479 126  240  0  0
11:26:34  14078 5259 479 126  240  0  0
11:26:42  14146 5277 479 126  240  0  0
11:26:50  14214 5295 479 126  240  0  0
11:26:58  14283 5312 479 126  240  0  0
11:27:06  14351 5330 479 126  240  0  0
11:27:14  14419 5348 479 126  240  0  0
11:27:22  14487 5366 479 126  240  0  0
11:27:30  14556 5384 479 126  240  0  0
11:27:38  14624 5402 479 126  240  0  0
11:27:46  14692 5420 479 126  240  0  0
11:27:54  14760 5438 479 126  240  0  0
11:28:02  14829 5456 479 126  240  0  0
11:28:10  14897 5474 479 126  240  0  0
11:28:18  14965 5492 479 126  240  0  0
11:28:26  15033 5510 479 126  240  0  0
11:28:34  15102 5528 479 126  240  0  0
11:28:42  15170 5546 479 126  240  0  0
11:28:50  15238 5564 479 126  240  0  0
11:28:58  15306 5581 479 126  240  0  0
11:29:06  15375 5599 479 126  240  0  0
11:29:14  15443 5617 479 126  240  0  0
11:29:22  15511 5635 479 126  240  0  0
11:29:30  15579 5655 475 141  240  0  0
11:29:38  15647 5676 475 141  240  0  0
11:29:46  15714 5696 475 141  240  0  0
11:29:54  15782 5716 475 141  240  0  0
11:30:02  15849 5736 475 141  240  0  0
11:30:10  15917 5756 475 141  240  0  0
11:30:18  15985 5776 475 141  240  0  0
11:30:26  16052 5797 475 141  240  0  0
11:30:34  16120 5817 475 141  240  0  0
11:30:42  16188 5837 475 141  240  0  0
11:30:50  16255 5857 475 141  240  0  0
11:30:58  16323 5877 475 141  240  0  0
11:31:06  16391 5897 475 141  240  0  0
11:31:14  16458 5918 475 141  240  0  0
11:31:22  16526 5938 475 141  240  0  0
11:31:30  16593 5958 475 141  240  0  0
11:31:38  16661 5978 475 141  240  0  0
11:31:46  16729 5998 475 141  240  0  0
11:31:54  16796 6018 475 141  240  0  0
11:32:02  16864 6039 475 141  240  0  0
11:32:10  16932 6059 475 141  240  0  0
11:32:18  16999 6079 475 141  240  0  0
11:32:26  17067 6099 475 141  240  0  0
11:32:34  17135 6119 475 141  240  0  0
11:32:42  17200 6145 463 178  240  0  0
11:32:50  17266 6170 463 178  240  0  0
11:32:58  17332 6195 463 178  240  0  0
11:33:06  17398 6221 463 178  240  0  0
11:33:14  17464 6246 463 178  240  0  0
11:33:22  17530 6271 463 178  240  0  0
11:33:30  17596 6297 463 178  240  0  0
11:33:38  17661 6322 463 178  240  0  0
11:33:46  17727 6348 463 178  240  0  0
11:33:54  17793 6373 463 178  240  0  0
11:34:02  17859 6398 463 178  240  0  0
11:34:10  17928 6413 485 103  240  0  0
11:34:18  17997 6428 485 103  240  0  0
11:34:26  18066 6442 485 103  240  0  0
11:34:34  18135 6457 485 103  240  0  0
11:34:42  18204 6472 485 103  240  0  0
11:34:50  18273 6486 485 103  240  0  0
11:34:58  18342 6501 485 103  240  0  0
11:35:06  18411 6516 485 103  240  0  0
11:35:14  18480 6530 485 103  240  0  0
11:35:22  18549 6545 485 103  240  0  0
11:35:30  18618 6560 485 103  240  0  0
11:35:38  18688 6574 485 103  240  0  0
11:35:46  18757 6589 485 103  240  0  0
11:35:54  18826 6604 485 103  240  0  0
11:36:02  18895 6618 485 103  240  0  0
11:36:10  18964 6633 485 103  240  0  0
11:36:18  19033 6648 485 103  240  0  0
11:36:26  19102 6662 485 103  240  0  0
11:36:34  19171 6677 485 103  240  0  0
11:36:42  19240 6692 485 103  240  0  0
11:36:50  19309 6706 485 103  240  0  0
11:36:58  19378 6721 485 103  240  0  0
11:37:06  19447 6736 485 103  240  0  0
11:37:14  19516 6750 485 103  240  0  0
11:37:22  19585 6765 485 103  240  0  0
11:37:30  19654 6780 485 103  240  0  0
11:37:38  19723 6794 485 103  240  0  0
11:37:46  19792 6809 485 103  240  0  0
11:37:54  19861 6824 485 103  240  0  0
11:38:02  19930 6838 485 103  240  0  0
11:38:10  19999 6853 485 103  240  0  0
11:38:18  20068 6868 485 103  240  0  0
11:38:26  20137 6882 485 103  240  0  0
11:38:34  20206 6897 485 103  240  0  0
11:38:42  20275 6912 485 103  240  0  0
11:38:50  20344 6926 485 103  240  0  0
11:38:58  20413 6941 485 103  240  0  0
11:39:06  20483 6956 485 103  240  0  0
11:39:14  20552 6970 485 103  240  0  0
11:39:22  20621 6985 485 103  240  0  0
11:39:30  20690 7000 485 103  240  0  0
11:39:38  20759 7014 485 103  240  0  0
11:39:46  20828 7029 485 103  240  0  0
11:39:54  20897 7044 485 103  240  0  0
11:40:02  20966 7058 485 103  240  0  0
11:40:10  21035 7073 485 103  240  0  0
11:40:18  21104 7088 485 103  240  0  0
11:40:26  21173 7102 485 103  240  0  0
11:40:34  21242 7117 485 103  240  0  0
11:40:42  21311 7132 485 103  240  0  0
11:40:50  21380 7146 485 103  240  0  0
11:40:58  21449 7161 485 103  240  0  0
11:41:06  21518 7176 485 103  240  0  0
11:41:14  21587 7190 485 103  240  0  0
11:41:22  21656 7205 485 103  240  0  0
11:41:30  21725 7220 485 103  240  0  0
11:41:38  21794 7234 485 103  240  0  0
11:41:46  21863 7249 485 103  240  0  0
11:41:54  21932 7264 485 103  240  0  0
11:42:02  22001 7278 485 103  240  0  0
11:42:10  22070 7293 485 103  240  0  0
11:42:18  22139 7308 485 103  240  0  0
11:42:26  22209 7322 485 103  240  0  0
11:42:34  22278 7337 485 103  240  0  0
11:42:42  22347 7352 485 103  240  0  0
11:42:50  22416 7366 485 103  240  0  0
11:42:58  22485 7381 485 103  240  0  0
11:43:06  22554 7396 485 103  240  0  0
11:43:14  22623 7410 485 103  240  0  0
11:43:22  22692 7425 485 103  240  0  0
11:43:30  22761 7440 485 103  240  0  0
11:43:38  22830 7454 485 103  240  0  0
11:43:46  22899 7469 485 103  240  0  0
11:43:54  22968 7484 485 103  240  0  0
11:44:02  23037 7498 485 103  240  0  0
11:44:10  23106 7513 485 103  240  0  0
11:44:18  23175 7528 485 103  240  0  0
11:44:26  23244 7542 485 103  240  0  0
11:44:34  23313 7557 485 103  240  0  0
11:44:42  23382 7572 485 103  240  0  0
11:44:50  23451 7586 485 103  240  0  0
11:44:58  23520 7601 485 103  240  0  0
11:45:06  23589 7616 485 103  240  0  0
11:45:14  23658 7630 485 103  240  0  0
11:45:22  23727 7645 485 103  240  0  0
11:45:30  23796 7660 485 103  240  0  0
11:45:38  23865 7674 485 103  240  0  0
11:45:46  23934 7689 485 103  240  0  0
11:45:54  24004 7704 485 103  240  0  0
11:46:02  24073 7718 485 103  240  0  0
11:46:10  24142 7733 485 103  240  0  0
11:46:18  24211 7748 485 103  240  0  0
11:46:26  24280 7762 485 103  240  0  0
11:46:34  24349 7777 485 103  240  0  0
11:46:42  24418 7792 485 103  240  0  0
11:46:50  24487 7806 485 103  240  0  0
11:46:58  24556 7821 485 103  240  0  0
11:47:06  24625 7836 485 103  240  0  0
11:47:14  24694 7850 485 103  240  0  0
11:47:22  24763 7865 485 103  240  0  0
11:47:30  24832 7880 485 103  240  0  0
11:47:38  24901 7894 485 103  240  0  0
11:47:46  24970 7909 485 103  240  0  0
11:47:54  25039 7924 485 103  240  0  0
11:48:02  25108 7938 485 103  240  0  0
11:48:10  25177 7953 485 103  240  0  0
11:48:18  25246 7968 485 103  240  0  0
11:48:26  25315 7982 485 103  240  0  0
11:48:34  25384 7997 485 103  240  0  0
11:48:42  25453 8012 485 103  240  0  0
11:48:50  25522 8026 485 103  240  0  0
11:48:58  25591 8041 485 103  240  0  0
11:49:06  25660 8056 485 103  240  0  0
11:49:14  25729 8070 485 103  240  0  0
$ 5042 11:02:18 11:47:06 290 441 VLG2973 A320 LFRS LEBL 2362 TRUE TA_RA NO FALSE
! BERGA V 11:02:18 -- 200 SALON V 11:12:58 -- 200 CHELY V 11:23:22 -- 200 BALEN V 11:32:02 -- 200 SOVAG V 11:43:14 -- 200
NbPlots: 337
11:02:18  5752 -18650 -6 -374  200  0  0
11:02:26  5751 -18703 72 -367  200  0  0
11:02:34  5761 -18755 215 -306  200  0  0
11:02:42  5792 -18799 274 -255  200  0  0
11:02:50  5831 -18835 313 -205  200  0  0
11:02:58  5875 -18864 313 -205  200  0  0
11:03:06  5920 -18893 313 -205  200  0  0
11:03:14  5964 -18923 313 -205  200  0  0
11:03:22  6009 -18952 313 -205  200  0  0
11:03:30  6053 -18981 313 -205  200  0  0
11:03:38  6098 -19010 313 -205  200  0  0
11:03:46  6142 -19039 313 -205  200  0  0
11:03:54  6187 -19068 313 -205  200  0  0
11:04:02  6231 -19097 313 -205  200  0  0
11:04:10  6276 -19127 313 -205  200  0  0
11:04:18  6320 -19156 313 -205  200  0  0
11:04:26  6365 -19185 313 -205  200  0  0
11:04:34  6409 -19214 313 -205  200  0  0
11:04:42  6454 -19243 313 -205  200  0  0
11:04:50  6498 -19272 313 -205  200  0  0
11:04:58  6543 -19302 313 -205  200  0  0
11:05:06  6587 -19331 313 -205  200  0  0
11:05:14  6632 -19360 313 -205  200  0  0
11:05:22  6677 -19389 313 -205  200  0  0
11:05:30  6721 -19418 313 -205  200  0  0
11:05:38  6766 -19447 313 -205  200  0  0
11:05:46  6810 -19477 313 -205  200  0  0
11:05:54  6855 -19506 313 -204  200  0  0
11:06:02  6899 -19535 313 -204  200  0  0
11:06:10  6944 -19564 313 -204  200  0  0
11:06:18  6988 -19593 313 -204  200  0  0
11:06:26  7033 -19622 313 -205  200  0  0
11:06:34  7077 -19651 313 -205  200  0  0
11:06:42  7122 -19680 313 -205  200  0  0
11:06:50  7166 -19709 313 -204  200  0  0
11:06:58  7211 -19738 313 -204  200  0  0
11:07:06  7255 -19767 313 -204  200  0  0
11:07:14  7300 -19796 313 -204  200  0  0
11:07:22  7344 -19825 313 -205  200  0  0
11:07:30  7389 -19854 313 -205  200  0  0
11:07:38  7433 -19884 313 -204  200  0  0
11:07:46  7478 -19913 313 -204  200  0  0
11:07:54  7522 -19942 313 -204  200  0  0
11:08:02  7567 -19971 313 -205  200  0  0
11:08:10  7611 -20000 313 -205  200  0  0
11:08:18  7656 -20029 313 -204  200  0  0
11:08:26  7700 -20058 313 -204  200  0  0
11:08:34  7745 -20087 313 -204  200  0  0
11:08:42  7789 -20116 313 -205  200  0  0
11:08:50  7834 -20145 313 -205  200  0  0
11:08:58  7878 -20174 313 -204  200  0  0
11:09:06  7923 -20203 313 -204  200  0  0
11:09:14  7967 -20232 313 -204  200  0  0
11:09:22  8012 -20261 313 -205  200  0  0
11:09:30  8056 -20290 313 -205  200  0  0
11:09:38  8101 -20320 313 -204  200  0  0
11:09:46  8146 -20349 313 -204  200  0  0
11:09:54  8190 -20378 313 -204  200  0  0
11:10:02  8235 -20407 313 -205  200  0  0
11:10:10  8279 -20436 313 -205  200  0  0
11:10:18  8324 -20465 313 -204  200  0  0
11:10:26  8368 -20494 313 -204  200  0  0
11:10:34  8413 -20523 313 -204  200  0  0
11:10:42  8457 -20552 313 -205  200  0  0
11:10:50  8502 -20581 313 -205  200  0  0
11:10:58  8546 -20610 313 -205  200  0  0
11:11:06  8591 -20639 313 -204  200  0  0
11:11:14  8635 -20668 313 -204  200  0  0
11:11:22  8680 -20697 313 -204  200  0  0
11:11:30  8724 -20727 313 -204  200  0  0
11:11:38  8769 -20756 313 -205  200  0  0
11:11:46  8813 -20785 313 -205  200  0  0
11:11:54  8858 -20814 313 -204  200  0  0
11:12:02  8902 -20843 313 -204  200  0  0
11:12:10  8947 -20872 313 -204  200  0  0
11:12:18  8991 -20901 313 -205  200  0  0
11:12:26  9036 -20930 313 -205  200  0  0
11:12:34  9080 -20959 313 -204  200  0  0
11:12:42  9125 -20988 313 -204  200  0  0
11:12:50  9169 -21017 313 -204  200  0  0
11:12:58  9214 -21046 349 -135  200  0  0
11:13:06  9264 -21065 351 -128  200  0  0
11:13:14  9313 -21084 351 -128  200  0  0
11:13:22  9363 -21102 351 -128  200  0  0
11:13:30  9413 -21120 351 -128  200  0  0
11:13:38  9463 -21138 351 -128  200  0  0
11:13:46  9513 -21156 351 -128  200  0  0
11:13:54  9563 -21175 351 -128  200  0  0
11:14:02  9613 -21193 351 -128  200  0  0
11:14:10  9663 -21211 351 -128  200  0  0
11:14:18  9713 -21229 351 -128  200  0  0
11:14:26  9763 -21247 351 -128  200  0  0
11:14:34  9813 -21266 351 -128  200  0  0
11:14:42  9863 -21284 351 -128  200  0  0
11:14:50  9913 -21302 351 -128  200  0  0
11:14:58  9962 -21320 351 -128  200  0  0
11:15:06  10012 -21339 351 -128  200  0  0
11:15:14  10062 -21357 351 -128  200  0  0
11:15:22  10112 -21375 351 -128  200  0  0
11:15:30  10162 -21393 351 -128  200  0  0
11:15:38  10212 -21411 351 -128  200  0  0
11:15:46  10262 -21430 351 -128  200  0  0
11:15:54  10312 -21448 351 -128  200  0  0
11:16:02  10362 -21466 351 -128  200  0  0
11:16:10  10412 -21484 351 -128  200  0  0
11:16:18  10462 -21502 351 -128  200  0  0
11:16:26  10512 -21521 351 -128  200  0  0
11:16:34  10561 -21539 351 -128  200  0  0
11:16:42  10611 -21557 351 -128  200  0  0
11:16:50  10661 -21575 351 -128  200  0  0
11:16:58  10711 -21593 351 -128  200  0  0
11:17:06  10761 -21612 351 -128  200  0  0
11:17:14  10811 -21630 351 -128  200  0  0
11:17:22  10861 -21648 351 -128  200  0  0
11:17:30  10911 -21666 351 -128  200  0  0
11:17:38  10961 -21684 351 -128  200  0  0
11:17:46  11011 -21703 351 -128  200  0  0
11:17:54  11061 -21721 351 -128  200  0  0
11:18:02  11111 -21739 351 -128  200  0  0
11:18:10  11160 -21757 351 -128  200  0  0
11:18:18  11210 -21775 351 -128  200  0  0
11:18:26  11260 -21794 351 -128  200  0  0
11:18:34  11310 -21812 351 -128  200  0  0
11:18:42  11360 -21830 351 -128  200  0  0
11:18:50  11410 -21848 351 -128  200  0  0
11:18:58  11460 -21866 351 -128  200  0  0
11:19:06  11510 -21885 351 -128  200  0  0
11:19:14  11560 -21903 351 -128  200  0  0
11:19:22  11610 -21921 351 -128  200  0  0
11:19:30  11660 -21939 351 -128  200  0  0
11:19:38  11710 -21957 351 -128  200  0  0
11:19:46  11760 -21976 351 -128  200  0  0
11:19:54  11809 -21994 351 -128  200  0  0
11:20:02  11859 -22012 351 -128  200  0  0
11:20:10  11909 -22030 351 -128  200  0  0
11:20:18  11959 -22049 351 -128  200  0  0
11:20:26  12009 -22067 351 -128  200  0  0
11:20:34  12059 -22085 351 -128  200  0  0
11:20:42  12109 -22103 351 -128  200  0  0
11:20:50  12159 -22121 351 -128  200  0  0
11:20:58  12209 -22140 351 -128  200  0  0
11:21:06  12259 -22158 351 -128  200  0  0
11:21:14  12309 -22176 351 -128  200  0  0
11:21:22  12359 -22194 351 -129  200  0  0
11:21:30  12408 -22212 351 -129  200  0  0
11:21:38  12458 -22231 351 -128  200  0  0
11:21:46  12508 -22249 351 -128  200  0  0
11:21:54  12558 -22267 351 -128  200  0  0
11:22:02  12608 -22285 351 -129  200  0  0
11:22:10  12658 -22304 351 -129  200  0  0
11:22:18  12708 -22322 351 -128  200  0  0
11:22:26  12758 -22340 351 -128  200  0  0
11:22:34  12808 -22359 351 -128  200  0  0
11:22:42  12858 -22377 351 -129  200  0  0
11:22:50  12908 -22395 351 -129  200  0  0
11:22:58  12958 -22413 351 -129  200  0  0
11:23:06  13008 -22432 351 -128  200  0  0
11:23:14  13057 -22450 351 -128  200  0  0
11:23:22  13107 -22468 352 -128  200  0  0
11:23:30  13160 -22471 373 -22  200  0  0
11:23:38  13213 -22474 373 -22  200  0  0
11:23:46  13266 -22477 373 -22  200  0  0
11:23:54  13319 -22481 373 -22  200  0  0
11:24:02  13372 -22484 373 -22  200  0  0
11:24:10  13426 -22487 373 -22  200  0  0
11:24:18  13479 -22490 373 -22  200  0  0
11:24:26  13532 -22494 373 -22  200  0  0
11:24:34  13585 -22497 373 -22  200  0  0
11:24:42  13638 -22500 373 -22  200  0  0
11:24:50  13691 -22503 373 -22  200  0  0
11:24:58  13745 -22507 373 -22  200  0  0
11:25:06  13798 -22510 373 -22  200  0  0
11:25:14  13851 -22513 373 -22  200  0  0
11:25:22  13904 -22516 373 -22  200  0  0
11:25:30  13957 -22520 373 -22  200  0  0
11:25:38  14010 -22523 373 -22  200  0  0
11:25:46  14064 -22526 373 -22  200  0  0
11:25:54  14117 -22530 373 -22  200  0  0
11:26:02  14170 -22533 373 -22  200  0  0
11:26:10  14223 -22536 373 -22  200  0  0
11:26:18  14276 -22539 373 -22  200  0  0
11:26:26  14329 -22543 373 -22  200  0  0
11:26:34  14383 -22546 373 -22  200  0  0
11:26:42  14436 -22549 373 -22  200  0  0
11:26:50  14489 -22552 373 -22  200  0  0
11:26:58  14542 -22556 373 -22  200  0  0
11:27:06  14595 -22559 373 -22  200  0  0
11:27:14  14648 -22562 373 -22  200  0  0
11:27:22  14702 -22565 373 -22  200  0  0
11:27:30  14755 -22569 373 -22  200  0  0
11:27:38  14808 -22572 373 -22  200  0  0
11:27:46  14861 -22575 373 -22  200  0  0
11:27:54  14914 -22578 373 -22  200  0  0
11:28:02  14967 -22582 373 -22  200  0  0
11:28:10  15021 -22585 373 -22  200  0  0
11:28:18  15074 -22588 373 -22  200  0  0
11:28:26  15127 -22592 373 -22  200  0  0
11:28:34  15180 -22595 373 -22  200  0  0
11:28:42  15233 -22598 373 -22  200  0  0
11:28:50  15286 -22601 373 -22  200  0  0
11:28:58  15340 -22605 373 -22  200  0  0
11:29:06  15393 -22608 373 -22  200  0  0
11:29:14  15446 -22611 373 -22  200  0  0
11:29:22  15499 -22614 373 -22  200  0  0
11:29:30  15552 -22618 373 -22  200  0  0
11:29:38  15605 -22621 373 -22  200  0  0
11:29:46  15659 -22624 373 -22  200  0  0
11:29:54  15712 -22627 373 -22  200  0  0
11:30:02  15765 -22631 373 -22  200  0  0
11:30:10  15818 -22634 373 -22  200  0  0
11:30:18  15871 -22637 373 -22  200  0  0
11:30:26  15924 -22641 373 -22  200  0  0
11:30:34  15978 -22644 373 -22  200  0  0
11:30:42  16031 -22647 373 -22  200  0  0
11:30:50  16084 -22650 373 -22  200  0  0
11:30:58  16137 -22654 373 -22  200  0  0
11:31:06  16190 -22657 373 -22  200  0  0
11:31:14  16243 -22660 373 -22  200  0  0
11:31:22  16297 -22663 373 -22  200  0  0
11:31:30  16350 -22667 373 -22  200  0  0
11:31:38  16403 -22670 373 -22  200  0  0
11:31:46  16456 -22673 373 -22  200  0  0
11:31:54  16509 -22676 373 -22  200  0  0
11:32:02  16561 -22663 363 91  200  0  0
11:32:10  16613 -22650 363 91  200  0  0
11:32:18  16664 -22637 363 91  200  0  0
11:32:26  16716 -22624 363 91  200  0  0
11:32:34  16768 -22611 363 91  200  0  0
11:32:42  16819 -22598 363 91  200  0  0
11:32:50  16871 -22585 363 91  200  0  0
11:32:58  16923 -22572 363 91  200  0  0
11:33:06  16974 -22560 363 91  200  0  0
11:33:14  17026 -22547 363 91  200  0  0
11:33:22  17078 -22534 363 91  200  0  0
11:33:30  17129 -22521 363 91  200  0  0
11:33:38  17181 -22508 363 91  200  0  0
11:33:46  17233 -22495 363 91  200  0  0
11:33:54  17284 -22482 363 91  200  0  0
11:34:02  17336 -22469 363 91  200  0  0
11:34:10  17388 -22456 363 91  200  0  0
11:34:18  17439 -22443 363 91  200  0  0
11:34:26  17491 -22430 363 91  200  0  0
11:34:34  17543 -22417 363 91  200  0  0
11:34:42  17594 -22404 363 91  200  0  0
11:34:50  17646 -22391 363 91  200  0  0
11:34:58  17698 -22378 363 91  200  0  0
11:35:06  17749 -22365 363 91  200  0  0
11:35:14  17801 -22352 363 91  200  0  0
11:35:22  17853 -22339 363 91  200  0  0
11:35:30  17904 -22326 363 91  200  0  0
11:35:38  17956 -22313 363 91  200  0  0
11:35:46  18008 -22300 363 91  200  0  0
11:35:54  18059 -22287 363 91  200  0  0
11:36:02  18111 -22274 363 91  200  0  0
11:36:10  18162 -22261 363 91  200  0  0
11:36:18  18214 -22248 363 91  200  0  0
11:36:26  18266 -22235 363 91  200  0  0
11:36:34  18317 -22222 363 91  200  0  0
11:36:42  18369 -22209 363 91  200  0  0
11:36:50  18421 -22196 363 91  200  0  0
11:36:58  18472 -22183 363 91  200  0  0
11:37:06  18524 -22170 363 91  200  0  0
11:37:14  18576 -22157 363 91  200  0  0
11:37:22  18627 -22144 363 91  200  0  0
11:37:30  18679 -22131 363 91  200  0  0
11:37:38  18731 -22118 363 91  200  0  0
11:37:46  18782 -22105 363 91  200  0  0
11:37:54  18834 -22092 363 91  200  0  0
11:38:02  18886 -22079 363 91  200  0  0
11:38:10  18937 -22066 363 91  200  0  0
11:38:18  18989 -22053 363 91  200  0  0
11:38:26  19041 -22040 363 91  200  0  0
11:38:34  19092 -22027 363 91  200  0  0
11:38:42  19144 -22014 363 91  200  0  0
11:38:50  19196 -22001 363 91  200  0  0
11:38:58  19247 -21988 363 91  200  0  0
11:39:06  19299 -21975 363 91  200  0  0
11:39:14  19351 -21962 363 91  200  0  0
11:39:22  19402 -21949 363 91  200  0  0
11:39:30  19454 -21936 363 91  200  0  0
11:39:38  19506 -21923 363 91  200  0  0
11:39:46  19557 -21910 363 91  200  0  0
11:39:54  19609 -21897 363 91  200  0  0
11:40:02  19661 -21884 363 91  200  0  0
11:40:10  19712 -21871 363 91  200  0  0
11:40:18  19764 -21858 363 91  200  0  0
11:40:26  19816 -21845 363 91  200  0  0
11:40:34  19867 -21832 363 91  200  0  0
11:40:42  19919 -21819 363 91  200  0  0
11:40:50  19971 -21806 363 91  200  0  0
11:40:58  20022 -21793 363 91  200  0  0
11:41:06  20074 -21780 363 91  200  0  0
11:41:14  20126 -21767 363 91  200  0  0
11:41:22  20177 -21754 363 91  200  0  0
11:41:30  20229 -21741 363 91  200  0  0
11:41:38  20281 -21728 363 91  200  0  0
11:41:46  20332 -21715 363 91  200  0  0
11:41:54  20384 -21702 363 91  200  0  0
11:42:02  20436 -21689 363 91  200  0  0
11:42:10  20487 -21676 363 91  200  0  0
11:42:18  20539 -21663 363 91  200  0  0
11:42:26  20591 -21650 363 91  200  0  0
11:42:34  20642 -21637 363 91  200  0  0
11:42:42  20694 -21624 363 91  200  0  0
11:42:50  20746 -21611 363 91  200  0  0
11:42:58  20797 -21598 363 91  200  0  0
11:43:06  20849 -21585 363 91  200  0  0
11:43:14  20901 -21572 363 91  200  0  0
11:43:22  20952 -21559 363 91  200  0  0
11:43:30  21004 -21546 363 91  200  0  0
11:43:38  21056 -21533 363 91  200  0  0
11:43:46  21107 -21520 363 91  200  0  0
11:43:54  21159 -21507 363 91  200  0  0
11:44:02  21211 -21494 363 91  200  0  0
11:44:10  21262 -21481 363 91  200  0  0
11:44:18  21314 -21468 363 91  200  0  0
11:44:26  21365 -21455 363 91  200  0  0
11:44:34  21417 -21442 363 91  200  0  0
11:44:42  21469 -21429 363 91  200  0  0
11:44:50  21520 -21416 363 91  200  0  0
11:44:58  21572 -21403 363 91  200  0  0
11:45:06  21624 -21390 363 91  200  0  0
11:45:14  21675 -21377 363 91  200  0  0
11:45:22  21727 -21364 363 91  200  0  0
11:45:30  21779 -21351 363 91  200  0  0
11:45:38  21830 -21338 363 91  200  0  0
11:45:46  21882 -21325 363 91  200  0  0
11:45:54  21934 -21312 363 91  200  0  0
11:46:02  21985 -21299 363 91  200  0  0
11:46:10  22037 -21286 363 91  200  0  0
11:46:18  22089 -21273 363 91  200  0  0
11:46:26  22140 -21261 363 91  200  0  0
11:46:34  22192 -21248 363 91  200  0  0
11:46:42  22244 -21235 363 91  200  0  0
11:46:50  22295 -21222 363 91  200  0  0
11:46:58  22347 -21209 363 91  200  0  0
11:47:06  22399 -21196 363 91  200  0  0
########## Beacons
# NOM  X(1/8 NM) Y(1/8 NM)
NBeacons: 1284
FERDI 1104 1906
MAKOX 417 -799
BALMO 1630 -2158
TOLNA 1954 -562
NORMI -691 -39
POULP 3099 -2562
VAMTU 2636 -1243
LNO 1748 1786
QUENN 3890 -3039
ODRAN 516 620
AMORO 1502 -197
LAPRO 998 -1706
GSG -1157 579
NEA -1472 -2350
OKEPI 1101 96
MABUG -1845 1407
PG286 601 944
DOBIM 3436 -1738
LAURA 1063 960
PG288 254 904
PG289 692 879
LFEB -671 706
RENSA 1526 1264
BORDI 2684 -1306
DIDRU 10 -394
ORG 1676 -1318
MATER -1527 743
ADUTO 1031 1709
LUC 2188 -1654
MBY 1160 -200
MEIZE 1270 -1676
GALBI 2029 -50
KOTIS 916 127
GERVA 956 -439
KOTIT 1948 -1083
GALBO -79 879
MEDAM 2348 -733
MEDAP 698 -1475
VIBAS -1397 -4586
BZ -490 -1696
AKEMO -983 81
IBERA 1965 1281
ETOIL 2660 -3379
DOLIP -3552 2687
DOLIS 2014 -3780
MOKIP 1692 -209
DIN -663 768
COLLO 1959 -441
FISTO 423 -1216
IBERU 750 1742
DVR 409 2003
KUKAD -2797 1243
KOKOS -532 918
ROCAN 691 -2076
MOPIL 1267 1548
BALIR 2376 255
CDP 1275 -3481
PG092 856 990
VANAD 291 400
OGALO 1788 -1113
PG094 926 993
AMLIR 1087 -1203
PG095 948 1003
AMONI 1643 -882
AGN 299 -1497
BUSUK 225 890
BRUSC 1048 -1541
IDOSA 1825 1381
BARSO 2377 -1267
PADKO 1871 -1749
ENESO 977 -366
DOBEG 2356 881
VANAS 2280 -647
KOPOR 754 1218
GILRA -231 895
VERAC 33 -346
GAI 635 -1457
MGA -1693 -4862
LARIM -947 1027
SSN -642 -1769
SENLO -373 1002
RHONE 1699 -1687
RIMON -709 250
BLV -1028 -1758
TORTU 3136 -1564
RIMOR 1164 -450
KETIK -585 1117
KOTEM -325 1444
ROMAM 1754 -856
ANB 2611 -3925
TRA 2731 474
DEGIS -1116 -332
RANES -79 831
ZEM 1701 -3977
DOMOD 414 416
LIZAD -1353 1278
TUTAX 1727 14
ANG -276 256
LEKLA 1168 -1488
AS -49 279
OLMES 312 1266
AMGEL 2557 -1405
GLA 2075 -201
TS 517 -1676
PABLA 2722 1006
DANBO 1695 -469
DIPIR 1851 -97
BALEN 2070 -2835
GIGNA 1231 -1582
CHALA 44 -792
LERGA 1272 -810
PODEM 488 1091
PODEP 1293 -136
MERLU 2744 -1750
TANCA 150 1206
TORPA 2167 323
DIBOT 2292 880
KINES 2285 -705
TINOT 1881 -2004
BST -1420 655
RIKPO 2057 -1736
LUTIL 26 288
LEBRI -849 -558
SALCO -1100 1337
POMTA -1175 402
CACHI 1345 64
MOUET 2746 -3725
OL 756 843
BEVOL 305 7
IRMAR 2316 -958
LFMX 2070 -1335
BADUR -938 839
RISUD -551 371
KOTAP 737 626
BABAN -3398 3643
TIRET 567 347
ILROU 3108 -1897
PPN -602 -2044
LOGNI 1692 -306
VICCO 3148 -2169
EBORA 2579 -1645
EPOXI 2161 395
KETEX 759 554
RISUN 864 -293
RATKA -2502 1331
DEGEX -1020 381
BABAX -1168 1668
SAU -51 -1114
BAGAD -936 296
ADIMA 703 -1667
LA -219 462
CIRC 582 -1756
CRL 790 1094
NILEM 1266 1620
AKITO 2175 193
MRM 1867 -1677
ABILI 1976 -1583
KELUD 762 876
ROC -329 -536
CAN -142 1038
KELUK 1881 -148
NARTI 2524 -1544
BOLGI 1959 -89
DEROG 2514 -1554
RIVAK -2674 -345
MEN 1084 -1131
OPALE 584 1401
SU 402 -1678
OLRAK 968 -1049
IFFEN -669 542
DIPER 634 1618
BOLGU -20 -514
BALAN 341 -233
OBURO 1382 350
BERUG 2206 872
BASUD 2481 294
MOPAN 2612 737
ELBEG 2511 461
LEQ 950 1730
NATOR 2668 700
TEMPU -342 -1030
CVU 771 -1608
HOL 575 838
SOMOS -422 -1173
ONZON 1379 -526
CIV 1173 1740
NIVET 1423 -1789
STP 2318 -1725
IDOKO 1188 1630
LARAP 2268 -2314
TERPO -630 176
ADADA 641 633
CPE 878 1183
BGC 208 -1051
ARDOD -292 352
MAY 33 1937
KBA 2569 999
DA 1430 -1375
LFLJ 2241 -675
ARDOL 1528 -75
CM 1701 -1437
OSKIL 1836 -1857
LUGUS 2684 823
OSKIN 1112 365
POPUL -982 -1447
TIRAV -457 -188
ALBIX 2798 312
AMVAR 2007 -727
ISTER 1723 -3286
MINPA 1074 -891
GRAUS 129 -2420
REVLI 2233 -106
LULUT -286 -1247
EVALA 1798 -1161
COSTA 0 -3445
ENSAC -235 -1343
OMASI 1997 -453
LORTA 1013 1179
BCN 761 -2728
OTARO 1759 -3795
AGOPA 647 527
OKRIX 1148 487
SB -896 761
LIPNI 1829 1285
REGHI -2577 613
OGULO 854 596
NERAN 1938 -2492
PO244 700 807
BGR 1151 -2403
NERAS 2733 -1592
ANNET -1248 1306
DIVKO 1683 -1847
BUSIL 1567 -289
ERWAN -1745 -456
SONUR 1363 1206
TBO 53 -1762
UXANA 1078 -804
PI 132 -144
SRN 3031 -476
ARSOM 1138 -393
DEVAL 445 1855
KURIR 1677 -1039
ERIGA -777 -56
KURIS -491 293
REM 1272 1143
CTX 592 -27
BGW 722 938
MABES 1749 -263
THUNE -548 -1795
AMB 345 209
LUTAX 1816 1294
SOSUR 1775 -2078
MAGEC -418 -1557
MEZIN 1430 -918
SAURG 1771 -1442
ANEKI 2662 1256
TEDRI -1828 -1621
ADUDU 2515 -1641
ALBER 1007 -2168
PIMAK 1357 -744
SOVAG 2615 -2696
PENAR 1900 -653
AR 805 -972
MALEB 1075 -732
ROTIS 1940 -1874
ROUSY 1913 1267
CNM 2395 -1555
BOKNO 230 25
SOVAR -88 -2026
COQUE -1640 91
SOVAT 445 1821
TR 1558 -478
CJN -938 -3175
CIRTA 2641 -3734
PIRAM 2786 -1529
TALUD 1690 1309
PESAN 1127 -360
NOR 2034 1930
VAKER 1250 1272
EBROX 450 -3018
MIRBA 113 -1099
ARMAL 669 167
GL -551 30
LFXA 1784 -439
BVS 674 1177
MOU 1199 -116
ALUTA -2369 1076
POI 99 -201
TUROM 1962 2
TUROP -1241 -437
HORTA 1539 1877
MMD 1603 1197
RTN 549 155
REPSI 1444 -677
SOPLO 1933 -540
GUNSO -3696 1271
OB 1987 -1741
LYD 267 1924
RLP 1695 489
BRY 1056 695
KOVIN 971 1211
OXIDO 1847 -1640
ADEKA 1065 -492
CV 3122 -1954
FFM 2668 1621
KATHY -408 1700
PON 641 1017
DIKRO -347 1242
SABLE -81 408
DIK 1904 1450
SAUNI 1813 -124
WAFFU 107 1721
MOKNO 505 1173
EPOLO 2306 -1886
GESLO 1856 1543
POS 1149 -3385
MOMIL 1507 -173
BALNI -539 299
MELKO 1494 660
INGOR -78 1134
MERUE 582 1112
GOBIS 2699 -2891
DIRMO 722 49
VALKU 940 -464
KOLEK -1786 -126
ELB 3678 -1815
MORIL 828 -1880
OMAKO 1087 792
OKABI 525 -2103
DEVRO 238 241
LYS 1718 -617
KOROM 544 1116
ABRON 2890 -1963
BASIP 2762 -1352
URATO 2922 -2280
YN -423 -150
ERIXU 727 529
LDV -1317 780
MAXUS 1807 -534
YE -779 -128
AGANO -624 1286
MTG 1779 -1682
RAPED 2417 -1645
CL 486 -1254
MP -425 1267
BAXIR 1226 886
NAKID -1453 1341
CC 1601 -90
ROSPO -1210 490
TITIX 2712 559
BADET 1574 -1656
GARMI -428 1445
GUSON 491 -255
REBUL 396 -2562
LAKOB 1021 -38
MTL 1641 -1127
NAKIS 1413 -1256
DGN 2113 -1360
ZMR -2033 -2558
DENIN 1055 1638
JW -696 1067
NOSTA 2693 -1402
MIRSA 3444 -1805
MONOT 789 531
MINDI 1376 -863
NTS -527 82
OSA -1616 754
ERTIP 1415 583
ESERA 1220 -1342
NAPIX 1073 1023
BANEK 1968 -513
OBUBA 499 -677
ROYAN -347 -641
ABNUR 575 1525
MOREG 1992 -212
ABLAK 1898 -1617
AJO 3150 -2348
GU -1367 749
LAPOS -296 -1280
KAMER 2284 -3762
ABSUD 552 1414
POGOL 2142 765
INKAK 1193 701
BIRGO 2139 -1657
RONLA 1798 -251
DIDOR 1031 1132
SANCE 892 140
KASON 1547 311
LABUL -603 632
ROUG 522 -1556
LATEK -230 -1977
BATOX 3685 -2558
AUB 1499 -1184
EPIKO 2143 683
EDINO 2213 -3448
BITBU 2033 1519
SPEC 376 -1558
PEKIM 907 631
NC 2488 -1532
RIPUS 2780 271
EDOXA 709 625
GERSA 2798 167
ALULU -459 1090
MO 1597 -288
ROTVI 2753 719
POKET 207 -907
KOVAK 274 482
LAGUL -815 1181
BIG 9 2081
BADAM 1094 -1381
LMG 346 -569
KOVAR 1929 -217
PPGX 831 -1880
RESPO 1814 464
TABIL -300 458
LUGEN -285 -200
QPR -1349 492
ALG 3021 -2909
AMDAS 1262 -604
BELPA 664 -952
BAKUL -532 174
BAKUP -1524 -1202
DENEL 2520 781
DINOX 2019 -85
SUIPE 1340 1118
OKASI 895 535
LALUX 773 627
PERDU 53 -2050
CORSI 3190 -2552
KENUK -3704 1732
BOLLY 1335 564
KENUM 1902 1861
ATLEN -1701 -1148
TUL 1870 878
RL -367 -401
TALIG -1815 1274
KELAM 1006 -1826
SOMTI 990 -726
ODVIL 1843 -459
OL1 757 833
ERGUL 1191 -1295
BERAD -1301 658
SOMTU 1359 1288
MOBLO 2252 -476
BETUV -984 957
PIKOD -1649 1214
AKUTI 3133 -1637
GILON 2137 -1624
GONUP 266 -1699
VLC -186 -3603
LATAM 1440 -908
PALME 2091 -1864
PELOK 2146 258
AGREV 1466 -892
STR 2412 838
ABB 572 1511
PELOS 2960 -2663
ANETO 195 -2064
ADX 868 -3553
ALESO 377 1723
SUTAL 1998 1265
LXI 2063 469
PIPOR -388 -1913
BAGBI 1516 -47
GIPER -3629 2209
GIPEX 845 374
SFD 34 1802
AG 228 -1368
CLM 954 907
PEPET -1313 -890
DIMAL 417 1686
ROBIR 1961 321
MLN 898 713
MANIG -1015 1357
GIVOR 2030 881
VELIN 51 -970
NURMO 855 1375
TULNI 1005 1728
DESAB -993 -543
POZZO 3374 -2726
AMOGA 735 1347
CLR 2391 551
HR 2186 363
TIMBA 76 1889
VERSO 1374 -2788
BARLI 848 1664
BOR 1760 -325
OLERO -385 -477
DIRAX -155 -1176
TALEP 3044 -1536
TUNIT -941 1162
TOP 2679 -862
RUNOM 1788 -391
MEDOK 2053 -1485
ROLIR 1647 -833
MLX -1197 822
RUMEL 313 -1199
PILUL 982 538
CNE -98 1014
LUVAL 1650 679
ARTEP 263 1530
LND -1740 1568
MADEK -2227 821
VADOM 402 748
MAXIR 2111 -1650
MEDOX 1602 1172
TOU 457 -1590
BADRU -975 -1553
VNE 1646 -646
ABADO 1784 -589
SOSAL 2278 -117
PERUS 2108 -1288
AMIRO 2341 -1376
MINQI -648 984
PEPAL -80 745
BULOL 1704 -401
MONCE 2044 901
PEPAX 148 39
KUKOR 1037 -205
SR -36 125
PIVUS 1411 -2411
ROBEX 2243 -815
BAN -964 -2708
MENOX 1063 -190
VELER 1057 1104
NOTRO -971 1668
VELET -469 57
TEPRA -799 -228
OKTET 2254 -1118
LATRA 808 532
SOLBA 1119 1121
TUNEG 2032 -1873
TEPRI 877 760
MIRGU 2152 577
AZR 2519 -1491
AFRIC 995 -1538
VEROS 718 169
VEROT 1418 -822
VAREK 2844 -2113
TALAR 1540 -459
MJV 1027 -3620
ABSIE -149 -201
EVIRI 3195 -1718
GULDA -599 1151
VARES 1506 -1640
ROLEN 48 759
SIMAR 1321 -1501
ABUDA 541 1501
ODEBU 843 629
DR -655 720
BIDAC -396 -1721
VEDUS 1493 1296
ARTAX 593 -353
LIGUR 3134 -1482
REQIN 2348 -3757
DVL 97 1110
GANGU 2126 -1620
CEGAM -786 -1920
LFNB 1213 -1174
SODRI 2944 -1764
SUBIL 1621 -1860
VA -861 380
RETNO 1931 -1191
MIL 1128 -1451
BALSI 2012 -654
OSMAS 1867 -761
ZEBRA 1730 -1575
LUL 2042 409
RIBOU 680 -1874
SKERY -979 1462
BELDI 800 1431
ASLEG 2066 -520
MANAG 1660 583
BAKIX 2257 741
DORDI 899 597
LFCM 1097 -1467
MANAK -317 -377
NETRO 540 -1411
ERBIN -760 203
PSY 782 747
GODIX -16 653
LARSI -1143 752
MUS 2314 -1644
KENIM 2365 -1456
OLBEN 2507 267
EVX 382 978
OKTAV 2954 -2601
LHR 2497 789
MOTIM 1958 -1622
REKTO 2766 -2706
SOKMU 449 1124
BERNO 199 1000
MASAM 787 -1689
RILON -351 -1472
MTD 776 1238
TIRSO 2154 476
TUNAX 65 437
ANARU 1173 1244
ORIST -573 1448
RAMEN 3356 -3335
KUTAN 1375 422
OTKOL 1805 -356
SISGA 1239 1768
TRACA 597 1858
GONIM 980 -1207
LSE 1707 -546
LACOU 310 -1295
VEVAR 2395 -951
SZA 3370 -2241
ARE -1153 666
GONIX 1862 -497
UNITA 3123 -1290
VOG 3010 -837
LP -272 64
SECHE 175 -1233
MOKOR -660 8
LAGEN 2923 -1093
DIPSI 2815 -3162
MILNO 3249 -1784
BALOD 478 754
ZAR -371 -2567
BALOK 2028 -2124
MONTU -378 -31
POSSY 57 -2372
BEKOS 3567 -2281
BSN 961 1066
ESULI 2947 862
NORON 230 -729
GODEM -752 -445
AVN 1646 -1392
SALMA 2521 -3744
NIRDO 2962 -1695
DIVDA 1229 491
PG100 953 955
PG101 828 893
PG102 820 835
LAROK -472 -135
SOMDA 1361 676
LARON 733 -360
TRO 1270 633
NEVIL -112 1442
VEULE 190 1370
LUSIT -567 1068
VRA -1013 -2033
LOU 1959 1039
ROMGI 1037 -373
GALDA 3210 -2502
GUNPI 3225 -1666
DEGOL 992 -1529
SOPIL 345 17
BMC -249 -1041
AUCHE 195 -1608
NEKTA 1048 -1541
TUDRA 258 -224
UTELA 938 931
GALDO 614 -1789
CS 773 -1809
LABAL 1120 -442
POMEG 1869 -1715
CHELY 1637 -2808
LABAP -285 -1170
ALD -689 1307
TEREZ 3269 -2544
DELOG -1371 -1248
DIKOL 1277 1057
GIPNO 1864 -627
RATUK 499 1759
RIPAL 1762 -3322
DELOM 1256 1624
LAGAB -640 431
BEGUY -511 -1892
MOLUS 2216 -170
OBORN 2299 808
SUBAK -486 33
PERIG 326 -906
DOKAR 3462 -1954
NELEN 1567 -862
NEMOS 2269 56
NEPTI 2939 -3014
ARGIS 1874 -433
NANOP 1357 642
ROCCA 2234 -507
BELUS 1884 -567
NORKA 3095 -1777
PTV 726 563
LONSU 2832 -1887
BLEU -348 -1558
LUNEL 1446 -1557
DEPES 747 -1378
FOUCO 161 -600
LERMA 2481 -1736
CAR 3554 -3522
JAUN 404 -1558
GODAN -636 320
REKLA 1902 326
DEVOL -2990 3532
SLL 759 -2627
ELBOX 252 1097
BARUS 630 -2851
PG264 743 962
PG265 690 951
TLN 2166 -1824
LASUN 2453 315
OLEBA -606 79
PG267 652 950
MLA 58 -2819
NIVOR 1307 1815
KENAP 1272 1456
LASUR 1911 -1057
SALIN 1659 -1738
MOTAL 718 289
MRV 811 1749
LUSEM -624 -1741
BTA 3363 -1936
FRI 2390 5
NOVAN -1231 -303
PHILI -2194 1291
REMGO 1559 1387
GANTO -1562 1204
GINON 59 77
SANDY 321 1954
ARBEK 408 -2624
BRIVE 481 -990
SOPEX -1131 799
GIMER 1243 1166
MM 1433 -153
NEGAT 2843 -2549
GIRED 1758 -552
ARGED -79 927
LUKUM 1766 -937
AX 1130 462
VAKSI -397 483
EVRUK 221 1000
GISOR 566 1092
GUERE 694 -385
NAMAR -149 423
AVLON 1238 299
LUPUL -498 1043
TILVI 1743 1312
LEMIN 1011 -221
LENSU -955 479
ETAMO 768 -70
OBATO -81 509
RS -509 509
PB093 880 953
PB094 918 954
PB096 924 1041
DIVUL 2668 -1651
ABN 2841 -1271
ARLES 2796 -376
NARAK 603 -1290
PB098 981 947
PIVER 717 875
ZUE 2866 441
XERAM 1268 1283
AMOLO 897 -1508
VIRIE 1895 -485
OVDIL 305 -1400
DITAL 280 842
ZR 1150 -1739
LABRE 2719 -2793
XIDIL 194 1611
LUSAR 1712 -107
SALEV 2025 -374
SOPAD 1414 -611
BIBOT 2114 -34
RONIS 1582 -539
BNE 582 1742
LAULY 1189 581
BTZ -528 -1695
ROTSI 1484 659
POLLY 891 448
ELMUR 2912 237
RESMI 702 759
PEMAK -1945 1256
ARCKY 1887 1661
TBOX 196 -1714
ODOKI 2770 -1612
KRH 2710 1111
SITET 0 1490
GIRAG 3391 -1719
PETUR 2593 -1460
MALOU 1046 -1599
LACX 413 -1207
AULON 568 -1252
IXITO 3040 -1212
DIRBA 1505 -437
NKR 2739 1275
OBUTO 4 -1844
SDI 1563 832
DRAKE -25 1542
NAVLA 1905 -576
SAUX 45 -1114
ROMTA 1922 52
SUL 2759 816
SIJAN 1029 -1806
NEBRU 697 1452
CMB 972 1572
PX 309 -882
SINPO 1091 -309
GEMLA 2134 -606
VIREX -289 895
VNV 617 -2775
CUERS 2152 -1729
CBY 1927 -468
NS -100 -322
BHD -1070 1658
SEPAL -2871 160
BEBIX 469 -500
MV 950 763
SURCO -200 -2242
DIJ 1661 174
ASIE1 958 1538
LECAR 340 -622
ASIE2 966 1557
FAMEN 1414 1464
NIK 1265 2030
OBLAD 1801 -2438
MAZET 1706 -1518
ROTOS 2529 211
ANGLO -140 1408
DOMIL 2073 64
SUDIL -528 68
BAKNO 1170 -214
EPATI -336 1348
BLM 2433 419
KOLON 2420 -1476
EVANO 2964 -639
ATN 1404 -58
LHO 56 1254
MORSS 1726 -3339
HO 2365 655
AOSTA 2460 -462
AGO 138 -624
NEV 960 90
TINIL 1657 333
LIRKO 1923 -140
AMODO 953 696
BARIL 2620 -2835
BOBRI -389 -79
TGO 2946 950
BURAK -3475 3165
LERAK -762 977
BUBLI 1318 881
BJA 2003 -3969
VESAN 625 1623
LASIV 1340 949
NIZ 2522 -1442
TUPAR -219 -273
UVTIN -367 -862
XIDAN -2037 105
GEN 3121 -1057
ADABI 176 -211
AGENA 1256 -2591
RAPOR 1628 1295
RONAX 122 673
BT 778 954
INTEM 2347 566
RISOR 2010 -630
GIR 990 -2418
RBT 637 801
NTM 2022 1532
LOMRA 659 -1745
GORDO -2400 -1332
SKESO -943 1369
DONOS -519 -1782
MOLEK 981 644
LUKIM 3213 -1192
MOLEN 1562 -1373
BILGO 1071 1417
TIMTA 2190 -1629
RIXOT 1714 -3132
CAMBO -1842 1165
KELON 1225 900
BELEN -948 -1468
OGREN 2058 -1654
BELEP 1387 -550
LIMGO 1960 1344
MOROK 2167 284
GUBAR 354 1617
XORBI 761 1410
IXILU 1953 426
BAMES 468 946
LOR -1117 399
LANET 1098 -2044
KORUL -2359 -940
BISBA 1299 -2334
TAN -3 -1700
SOMIL 716 1337
BISBI 848 -1399
KISTO 3697 -2017
NEDED 2783 -973
DIBER 1578 -2320
DIBES 358 243
KEPER 84 384
ODINA 2889 -269
FGI 3278 -2460
ROMLO 272 650
ALARO 1545 287
LIBRU -61 -1018
MUDOS -4014 -1394
USANO 2683 -1442
CHABY 1278 417
MTZ 1949 1164
DO 1741 49
AVANT -284 1833
RASPA 1930 -2265
ADC 2035 -1728
AKETI -657 633
TITOX 1229 -187
DJL 1667 179
LN -1099 865
LOKSI 2926 -2880
AV 965 -40
RETKO -556 102
RODRI 1172 1885
HOC 2493 343
BEGAR 2446 551
BEGAS -3062 -787
AMIKO 1523 -865
DENOX 1226 1897
RUBIT 2251 -1731
NENEM -1091 -1395
NIMER 114 221
ETPAR -292 -863
RUBIX -79 990
STG -2967 -1810
ERTOK 741 289
MAPRI -294 -1098
LULOX -2459 1743
SUDAS 3138 -1782
DESOG 2928 -2904
OST 3943 -2233
PHALO 2253 958
DORAD 2709 -3011
XAPEL 1310 -145
BANKO 2365 -466
LUTTA 2373 -2861
RH 531 -917
CAPCO 3375 -1794
LUPEN 2469 810
MUREL -1115 1135
MUREN 1696 -2810
PIXIS 1233 -4
ORTEZ -249 -1747
MET 1934 1076
SOMED 310 208
VATRI 1285 898
DIBAG 262 -585
LISMO 1903 3
VES -2105 -1573
ALURA 1641 -189
BORGO 1674 -1800
IPLAN 1289 706
SOMEN -1126 914
ARSIL 1295 783
LCA 710 -134
BARAT 1773 -1866
NEDAN -411 210
LASAT 2146 649
SPR 2139 -172
HORRO 3083 -2404
SOREM 2238 802
GIPOL 2611 374
PINED 1876 -896
RISGA 2922 -2837
KUDIN 1641 1334
BEVAV -531 995
FINOT 707 -1571
ARDEN 1507 1422
PEPON -80 649
TABOT 2998 -3629
TABOV 525 798
ESPIG 1433 -1639
SIVIR -2925 -318
ALISO 3385 -1754
SEDOR 2503 538
PAS 2001 -327
MHN 1561 -3391
BELVU 1356 -470
LANVI 1858 699
VEKIN 1002 1655
KOK 803 1985
ORTAC -620 1450
BANGI 515 1404
DETUR 301 929
SOFFY 1825 -1858
ORBIL 879 -1821
DERAK 1783 206
LARLA -2230 1246
GIGUS 2174 -690
MOULE 3456 -1901
BERGA 719 -2330
PG274 735 1020
PG276 729 1025
PG278 839 1023
BGS -1294 -2204
CFA 1075 -564
LOTEE -1997 -1051
OLIRI 1128 -153
GILUR 792 -1127
ROYX -347 -632
TURIL 2110 -1732
MEBEL 1901 -2099
SIROD 1983 -54
REN -557 515
AVREX 318 857
MADOT 1516 -567
BODIL -1302 760
RATRA 506 -1061
EPL 1941 705
MT -705 159
SOTUS 1271 1177
SORAL 2027 1098
MK 623 1921
SORAP 201 726
ADITA 2047 -1737
IBABA 1781 4
SOBLI 2075 325
RES 422 -2807
SORAS 1709 -3050
AKELO -1208 1357
KUDES 2876 408
MEGER 3215 -1580
PINAL 3386 -2346
AKELU 2027 1219
SAV 2357 968
TULTA -2548 891
NERLA -1464 1005
VELON 2386 -2666
OLS 748 804
GITAN 1264 1176
RUBAS 2336 -2125
PORBU 1139 -2172
VALEK 1808 1274
SE 2456 881
MAMES 1429 -2265
PG082 873 976
RQ -1290 494
PG088 933 969
PG089 949 970
ARPUS 2160 409
TUNOR 1334 458
PB253 716 928
MAREN -357 -641
PB254 696 961
SONGA 349 -1342
PB256 668 927
SAMPO -411 585
IDORI 3504 -2298
TAKAS -2527 1092
OKEKO 1011 275
TAKAT 891 -1124
MADKA 3352 -2535
NEDRU 1975 -850
KUSEK 830 350
LISEU 126 1009
MEDUS 2154 -1762
EB 1441 -619
MEBAK 1564 -578
OLINO 346 -55
TIS 1190 -511
ABRIX -683 -1600
MAXOS 1746 -3106
ADAKO 703 -480
DILRA -413 -549
KODOK 2610 -859
GAPLI -2477 1571
ANDLO 2359 785
BUGUS 327 -958
ABDOS 821 330
FERTE -80 735
VZ 1135 -393
LM 65 456
MIKRU 2630 -1471
MOKDI 1077 -963
FJR 1382 -1608
WIL 2588 217
ROVOT 1728 -1710
ESPAL 973 -1207
CDN 444 513
CALAN 1875 -1811
VALAG 1188 -1569
DANAR 1947 585
EKRIT 2608 403
MONIX 666 -1754
KONOL 2521 123
MURRO 1483 -761
KONON 853 -1783
KANIG 1060 -2151
REFEL 2276 381
LAMDO 2074 -616
KOMEL 674 1297
OLETI 3130 -1357
VALAX -361 272
BENIX -463 1230
LESPI 1319 -394
LARDA -483 -2344
MOSIS -2278 1067
ASPEN -555 1583
URUNA -606 -1746
RINTI 489 1942
ASPET 346 -1919
DPE 360 1411
TIPIK 2247 -1591
SBN 2237 1165
CHW 313 713
NAY 1890 831
KERIT 3011 -1592
KORER -811 340
TURAN -2266 317
LOE 445 -462
TUBLO 2739 853
ETNOS 1123 842
LAGOR -613 -233
AMFOU 2128 -1552
TUGLI 511 -773
GORIT 3019 -1902
AB 715 -1475
DAMLO -548 198
ERPIN 2735 -2486
MONEB 3168 -955
LUMID 1305 -1299
DGO -1025 -2167
BLONA 2308 -862
ETREK 1572 -828
GEANT 787 -2184
ADILU -277 -426
CSO 2630 -3924
LUMIL 910 1656
SN 1368 -310
ASKAN -351 -934
JULEE 1984 -1847
BENEL 1024 -302
PO272 658 734
BOBSA 208 721
ATRID 1123 -48
PPG 1012 -2023
SULOT 1284 -641
BETOG -548 645
BOBSI 1656 -279
PU -105 -1772
MOSET 1985 1307
OKIRA 1126 29
KORAB 939 -1521
KOTUN 1227 852
LAPEX -2626 134
LBU 2951 1096
ETIKI -2818 639
RALAM 1976 1529
RANUX 1375 1062
HOMBO 2438 468
INSUN -1939 1714
GILIR 2043 110
KEREX 286 1121
NG 1529 -1471
DEKOD 673 624
GOMET 1854 -724
CF 1068 -564
PUMAL 713 -2220
GTQ 2120 1053
RMS 2374 1284
DOLUR -1581 1243
DEKOR -1874 1033
GAPDO 2468 -1230
LOGIS 1804 -1527
NEKEM 1131 -216
ROA 1337 -422
PENDU 1967 244
DJN 1260 517
NINTU 1851 -343
GORET 1300 490
GAUDE 222 -1920
DEPOM 712 159
OMARD 2666 -1748
NIPOR 1265 1046
RITAX 1794 1548
LAMUR 2392 -92
OMARI 265 78
LAMUT 977 71
LUMEL 2330 299
PODUK 1054 1104
LUNOR 1986 -3116
ARKIP 659 311
MARRE 95 -754
MARRI 1562 -1695
ALM 1873 -1619
ETRAT 50 1288
PO085 838 797
TOLVU 1673 1322
VERMA 1007 1463
SALSI 824 -1741
LUSOL 2115 -1476
BENAR 241 602
LUSON -448 -236
NITEM -587 213
GELTA 1280 754
ROKRO 1329 1421
LUREN 1260 526
PIGOP 423 811
PIGOS 2567 -1511
CAV 1273 898
TUR 231 208
BATAG 1066 893
DIDAK -80 605
MEDIL 1126 1637
ARBON 1654 -775
MEDIM 2129 271
BADLI 2666 1136
PILON 1837 547
SOSTO -445 -1533
TERKU -1163 522
ARBOS 1981 66
SUPAP -1821 1236
BODRU 2202 -1252
VAGNA -112 -912
RUSIB -1205 981
SARDI 3277 -3839
MILPA 1956 -263
GOMAX 2932 -2942
HERBI 2631 861
GIROL 1886 -1348
GIROM 354 -2034
OAN 567 487
HIDRA -3945 -917
TRETS 2006 -1653
NEMUR 2610 -2594
RUSIT 1642 -593
ROU 401 1185
TM1 1112 1063
AT 2030 -451
GURLU 295 1674
CTL 1129 1049
MINKA 3231 -2800
PERON 879 1414
RESBO 2445 -1729
XAMAB 80 1538
CALNO 2955 -1865
SPY 1441 2450
AKIKI -441 1244
PNT -902 521
LGL 168 856
DINAN 1657 1417
ING 533 1871
IS 3089 -2287
VALNU 1049 541
OMANI 1248 -234
LUMAN 132 447
LTP 1833 -667
NEPAP 1210 -5
LUMAS 1677 -2483
ANLEV -970 836
DISAK 685 552
MATID 550 1255
SALON 1149 -2629
ORVAL -572 982
OMEDA 2978 -2090
BASLI 1031 -1369
CNA -104 -643
ROKNO 2536 -1601
LURAN -346 -1938
NITAR 692 1408
ADUXO -734 -3114
LESDO 1030 1368
MATIX 1209 1520
ALTIK 2312 418
KUBOL 1833 -1814
ARVOL 1073 1731
ADATU 955 -689
LRD 235 -2617
PIMUP 1099 278
SNR -1364 -1672
TSU 667 850
BREMO 3412 -2042
SOUKA 3106 -1810
OBOTA 2451 -1632
VADEM 2139 -51
JSY -646 1070
BOLSA 1160 -1739
ENOBA 2860 -1148
GARPU 2607 -2474
GIRKU 1971 -383
SOTAX 1736 -3517
MAKOT 2214 1139
########## Layers
# Liste des champs dans l'ordre:
# Name: nom de la couche => 1 caractere
# Floor : Niveau plancher
# Ceiling : Niveau plafond
# Climb_delay_first : combien de temps (minutes) avant la premiere balise de la couche
#               il faut mettre l'avion dans cette couche, quand il y arrive en montant
# Climb_delay_others : non implemente
# Descent_delay : combien de temps (minutes) avant la premiere balise de la couche il faut
#               mettre l'avion dans cette couche, quand il y arrive en descendant
# Descent_Distance: non implemente
NLayers: 3
F  0 195  20  0  15  0.0
I  195 320  20  0  15  0.0
U  320 999  20  0  15  0.0
